1660D11,1D25
3290D69,4D0
2610D77,3D60
4090D5,4D50
3560D99,8D60
3590D64,11D25
4180D62,8D50
3970D0,2D30
1930D70,3D30
4970D41,5D0
2590D52,7D60
4040D33,10D30
2850D72,10D60
2210D0,12D30
2160D39,12D0
3820D75,10D25
3210D98,11D25
1860D62,4D50
4590D51,9D75
4280D51,7D0
2200D28,11D25
1920D98,3D60
1870D84,7D30
2920D0,1D0
3970D44,9D75
3460D32,11D60
4220D34,6D75
4970D80,9D30
5270D26,11D25
4010D37,11D0
2640D6,4D75
5230D96,10D0
1850D43,7D75
3790D97,11D0
2440D0,8D75
5230D30,6D25
4780D86,9D25
4860D93,6D0
2490D71,11D25
4260D41,3D0
3410D71,5D30
4610D67,9D50
1690D20,7D50
2360D7,11D30
3260D36,2D30
3480D16,11D60
5400D81,10D75
3450D88,2D0
2170D9,11D25
3080D62,1D30
4790D18,8D75
2550D33,11D50
2210D2,4D0
1840D65,1D75
5170D57,3D0
2490D37,3D50
4870D14,11D0
4890D69,7D25
1960D97,4D75
5180D21,5D75
3980D89,8D25
2210D25,7D50
1760D66,5D60
3030D26,8D75
4750D25,12D0
2510D25,4D0
4020D61,3D60
3730D86,10D0
4420D77,7D0
3890D86,11D30
4700D30,5D60
1590D76,11D75
3630D15,7D0
2900D78,4D50
3360D12,11D50
4640D62,6D25
2030D10,4D25
3270D57,12D0
2540D36,1D75
2080D42,5D50
4250D43,11D30
5170D28,12D50
3780D56,4D60
4310D24,1D60
4220D43,3D0
3710D71,2D75
4750D70,7D30
4560D92,12D50
1510D93,3D75
4460D4,8D75
3630D2,8D75
3450D73,4D75
2590D16,5D60
4270D9,9D60
3890D61,11D0
2310D11,10D50
3970D4,2D25
2480D41,8D0
4560D7,9D60
4170D70,10D60
2970D52,2D50
2690D42,7D25
4160D90,2D50
3480D37,7D0
4440D12,12D50
2370D43,12D75
5240D76,12D25
1870D89,2D25
2430D10,3D0
2430D71,5D50
5020D84,2D0
2340D18,12D50
3190D49,4D0
4900D34,4D60
4060D25,5D25
3460D22,7D30
3560D30,11D50
2320D91,2D30
2390D3,9D30
1650D23,7D60
2880D40,12D30
2170D23,9D50
5320D3,8D0
2490D31,4D50
4090D43,8D75
4480D21,9D50
2610D22,5D60
3510D63,12D50
5370D37,7D30
5050D67,4D0
1600D42,6D0
4880D9,8D25
3780D28,12D60
2200D43,11D50
3780D56,4D60
4560D3,2D75
3770D61,2D25
3210D52,11D30
5000D74,9D0
2760D91,2D50
2510D99,11D0
3680D60,10D75
1760D6,7D0
3110D27,1D30
1710D64,9D75
4140D62,6D0
3420D40,3D0
2570D91,7D0
4350D63,12D25
4320D9,8D25
3960D96,7D25
2930D56,3D0
2540D70,3D60
1680D67,9D50
3510D24,1D30
4490D55,10D60
3130D28,9D75
2890D25,1D25
2660D3,5D0
2660D69,12D30
4160D79,4D75
5130D53,5D0
5260D10,12D50
5020D22,1D25
1500D11,7D50
3690D54,9D75
4350D9,8D60
2140D68,10D30
1760D77,2D30
3380D51,11D75
4070D7,10D0
3310D22,6D50
5020D47,3D30
5410D64,1D0
3490D40,2D0
2470D8,5D0
2340D1,12D25
2830D0,8D25
2670D58,1D0
3790D83,7D0
2880D13,7D30
3660D83,8D25
3790D84,12D0
2300D42,3D75
3980D4,1D50
3630D57,10D50
5390D93,2D75
1570D46,1D75
1640D19,12D25
3600D27,8D0
3860D40,11D30
4050D87,11D0
2510D36,10D0
2350D70,12D50
2270D32,12D0
2730D27,7D75
5320D22,6D0
5380D45,11D25
1530D5,6D0
4540D14,8D0
3240D48,10D60
3440D85,12D60
5130D26,6D0
3500D92,12D0
3180D71,8D50
4260D89,10D75
4510D0,3D60
3530D92,7D60
5490D67,1D50
2840D1,11D30
4030D55,12D0
4790D15,6D60
2110D85,10D50
1590D88,1D60
2080D52,1D60
4530D48,2D75
4620D19,1D0
4030D18,10D0
2430D94,12D30
1970D27,10D0
5120D22,4D75
4240D20,10D0
1840D47,2D75
3100D80,3D50
4680D1,10D25
2450D73,8D75
1550D59,3D0
2480D2,3D0
4600D90,6D0
3920D69,6D50
2450D61,8D50
2130D53,8D0
3930D46,2D25
5250D18,9D50
3670D46,4D0
3680D41,4D75
3390D41,3D50
1650D30,2D75
3440D59,10D75
3400D99,8D75
5140D25,12D25
3730D27,5D50
3090D10,1D25
2620D31,8D75
2930D17,10D60
3110D68,12D50
2590D27,3D60
2950D17,1D0
2400D37,6D60
4750D76,11D60
3350D60,6D0
4700D51,5D60
5480D40,9D60
1960D70,2D50
3840D23,5D0
3010D47,3D75
3950D55,8D0
2540D53,11D0
5490D78,2D50
3440D82,7D0
2040D25,9D50
5220D33,10D60
4640D83,4D50
5000D13,7D25
2540D68,9D60
2430D74,2D0
2720D16,6D25
2540D23,8D0
4960D2,2D75
4600D47,5D30
2500D39,5D30
5270D24,6D0
3550D33,8D0
5440D33,3D0
4790D41,1D0
3620D59,3D60
1870D45,7D30
3750D18,7D30
3750D28,3D75
4330D98,12D0
1870D56,5D30
4560D30,4D60
5050D61,2D75
1620D65,10D25
4360D33,11D0
1880D46,4D50
3220D26,7D50
3660D6,8D60
5310D19,3D0
3720D37,5D25
3040D39,4D25
5360D28,12D30
2440D76,10D0
2210D34,4D60
1960D29,2D0
1990D91,4D0
2200D64,7D60
4780D0,9D30
4620D17,1D60
2490D60,1D50
4400D30,6D0
2600D95,2D25
3740D50,3D25
2940D23,8D25
2200D50,3D0
4720D59,11D0
1720D76,5D60
4200D80,12D60
2220D91,3D25
5430D80,4D75
4270D27,1D50
2920D11,7D75
5430D83,6D50
4710D85,10D30
5340D95,7D0
2220D67,1D0
4080D86,4D50
4100D90,5D75
2440D9,8D75
3920D63,4D50
1960D98,8D0
1980D16,3D25
5360D97,6D50
4460D11,12D30
2180D3,10D50
5080D93,7D60
1950D75,4D50
4150D25,8D30
1620D45,10D60
4490D74,7D0
4210D40,5D0
5200D2,2D25
5240D23,6D60
2100D81,4D60
2900D15,5D50
4790D25,7D0
2490D86,5D75
3550D79,11D30
4200D54,10D60
4230D64,7D60
2510D6,11D75
5180D9,8D75
4530D42,10D50
3550D96,12D50
3820D75,2D0
4360D74,9D60
4760D63,2D0
5060D63,1D60
5070D7,2D30
4750D49,10D25
4610D14,10D30
5080D98,8D75
2740D31,8D25
1980D54,7D0
1920D57,6D30
2540D17,1D0
4040D83,9D0
1750D80,1D30
1940D8,2D0
5090D35,6D50
1520D89,2D25
3100D26,2D60
2180D39,5D30
4510D98,8D60
4100D47,7D0
2660D69,8D30
4510D81,5D30
2020D99,2D50
5040D57,3D0
2200D50,9D0
4620D85,3D30
3670D20,10D60
2690D99,9D0
5280D5,1D75
2930D76,4D50
4060D96,1D50
3780D76,5D30
3380D16,3D60
5340D69,9D75
3070D42,11D0
3200D21,5D0
4280D49,9D75
5270D96,2D0
4520D91,9D30
4540D80,6D0
4600D17,4D60
5220D37,6D0
2440D3,4D30
3350D83,12D0
3970D86,7D50
3190D84,10D75
5420D0,5D60
3210D10,5D50
5020D43,8D60
3210D15,4D30
2420D70,9D0
1620D36,12D25
4980D97,7D30
1870D46,6D0
5290D75,4D50
5470D98,6D0
3360D1,1D0
4400D9,8D0
3180D53,11D30
5000D4,1D0
3460D76,10D0
4770D90,9D25
4610D69,6D0
2160D44,8D75
2650D17,1D60
2710D90,7D0
4810D29,2D75
2470D75,5D50
3110D54,8D30
2950D35,6D30
3820D22,5D50
3260D17,11D25
3420D66,11D0
1730D60,3D50
5500D36,9D25
4160D49,12D30
4110D71,11D30
3360D72,1D0
2120D56,10D0
3530D29,10D75
2100D71,7D50
3280D5,4D0
1760D45,7D75
3700D38,4D60
4510D63,12D0
1810D9,6D60
4980D95,4D50
3160D97,12D25
2550D89,12D0
2500D94,1D50
3930D82,2D50
4090D79,11D75
1930D10,6D0
1750D71,8D60
3510D87,3D30
3870D50,9D75
3170D60,10D0
3160D55,12D0
2840D63,8D0
5030D62,11D30
4610D16,11D30
4330D23,12D30
3150D37,1D25
2300D86,11D75
2800D45,12D25
4350D80,12D30
3620D63,2D50
5090D42,8D75
3950D83,1D75
3190D59,8D0
2490D10,12D0
2270D99,8D75
3180D8,11D50
3910D11,9D50
3080D55,8D75
4420D74,12D0
3680D93,9D25
4700D22,3D75
3410D42,9D30
4540D57,7D50
3330D24,12D50
3800D8,2D30
2800D52,7D30
2450D74,8D0
4530D93,9D30
4630D20,4D75
4290D66,1D0
2110D27,2D60
4400D55,7D75
4020D18,9D50
4910D81,7D75
2160D18,4D30
4360D38,5D25
3260D98,7D25
5180D94,7D50
2240D94,6D0
4220D97,4D50
2610D32,6D30
5070D63,12D50
4860D29,10D30
3110D42,11D30
3260D14,4D75
1570D61,6D75
4860D3,6D50
3250D95,3D25
5210D4,6D50
3680D15,10D30
3770D87,11D75
5020D25,2D0
3880D41,6D30
1900D46,2D60
3560D71,4D50
5020D62,5D60
1680D46,7D0
4180D80,5D50
5200D71,1D75
3910D64,7D60
3520D30,11D60
2290D32,9D60
3660D52,8D60
5290D73,6D0
2900D68,11D0
2800D71,6D30
3270D25,3D30
4720D17,12D75
2010D24,3D0
2550D35,7D30
4140D48,5D75
5460D25,6D60
2080D37,4D60
4110D78,4D75
3520D17,1D30
1510D20,7D25
2740D27,1D30
3880D3,1D50
1740D8,11D25
3650D58,5D25
4740D78,11D60
2530D71,3D25
4610D31,12D0
4380D91,10D50
1910D40,10D25
2280D16,8D50
5310D96,10D0
5400D51,1D60
2120D41,10D25
2620D14,10D50
3190D17,11D25
3430D74,7D30
4210D60,9D60
2460D18,9D30
2340D79,3D75
3510D44,8D0
2630D18,7D60
4260D68,2D60
1960D79,3D0
2800D63,3D50
2290D93,7D25
2310D79,3D25
5430D41,1D30
5350D40,7D25
2220D87,6D25
3650D58,12D50
2500D7,10D75
3510D76,4D0
4440D39,4D25
4720D90,11D75
3530D34,3D25
2620D76,4D0
2280D46,4D0
1690D86,6D60
4630D79,2D0
3110D28,12D25
3450D8,3D75
2470D98,7D30
3680D98,7D30
2160D86,7D25
2260D66,5D0
3050D16,9D75
4530D26,10D60
4500D58,1D0
4520D82,3D60
2950D31,1D25
4020D4,10D0
1610D64,7D75
4010D85,3D25
4630D23,3D25
4560D12,7D75
3750D81,12D75
4470D49,3D0
4240D58,7D50
3610D65,11D0
4320D47,12D30
2120D41,12D30
1560D38,6D30
3760D16,8D25
5110D30,11D50
3550D56,9D0
1600D53,6D0
1740D57,4D60
4210D77,6D30
2880D33,9D30
1560D32,3D30
2680D10,11D0
4870D6,10D50
2800D2,11D0
3890D55,5D60
4140D62,10D50
2680D67,8D0
1810D51,6D50
3400D90,7D60
2530D33,8D50
5120D39,3D30
2570D64,8D0
2110D68,1D30
3950D77,7D25
5340D39,4D0
2140D76,11D75
1840D5,5D0
3580D82,11D0
1890D3,7D50
2670D98,12D50
4360D16,2D0
4750D56,3D50
1650D56,2D25
4070D57,12D75
4770D36,12D75
2810D9,4D75
2020D6,7D50
5000D6,1D30
2710D60,8D50
4200D45,7D0
5230D91,11D75
2600D84,6D30
5160D28,10D0
1600D58,3D60
4490D73,4D50
2960D96,9D30
2430D46,2D0
5160D18,9D75
3320D69,3D75
4330D61,11D30
4250D26,11D25
4590D25,9D75
4260D71,11D25
4060D77,10D30
3150D50,4D0
4720D98,10D25
2930D32,9D75
3560D81,3D50
4780D74,4D75
2460D73,2D30
3750D42,11D25
3060D13,1D50
4180D84,4D60
3970D1,11D30
2410D86,5D25
3000D90,1D50
1850D49,9D30
4430D72,1D75
3170D43,9D0
2350D33,8D25
4390D72,5D50
3090D6,8D0
4280D65,5D30
3080D98,12D0
2440D39,7D30
2500D89,2D30
2610D71,5D0
4270D20,9D50
2310D75,5D30
4190D53,5D0
3430D7,4D50
4700D83,11D60
3170D18,5D0
3050D95,1D75
2540D48,6D0
3890D2,5D25
5200D94,4D0
2240D86,5D30
1900D28,8D25
4430D79,4D25
5160D85,2D60
2000D47,8D0
4720D0,2D0
3380D23,10D50
4670D79,9D60
2020D34,9D0
3980D83,12D0
2880D71,10D30
2360D92,10D60
2570D7,6D60
1680D1,6D75
1520D38,9D60
4940D67,8D30
4070D81,2D60
3940D88,9D30
4380D65,10D75
4760D77,11D30
4250D12,8D25
5320D91,11D25
2370D56,7D50
3560D50,10D0
1910D27,6D0
3580D77,4D25
5310D79,4D50
3060D9,3D30
2130D99,8D75
1820D58,4D50
1520D4,9D30
1830D70,3D75
4660D16,6D0
3730D66,9D60
2040D98,2D0
1690D6,3D50
2170D52,12D0
1580D40,7D0
3880D80,10D75
4090D3,3D60
2520D3,1D75
1520D79,8D0
3200D41,5D75
4910D32,7D0
2210D39,3D25
1690D63,12D50
4040D16,3D0
4920D46,10D30
3560D88,5D30
1860D96,6D75
3530D5,3D50
2190D75,4D0
5360D93,8D75
1570D35,12D25
2110D82,11D0
3990D13,5D0
4180D28,4D50
3680D7,1D50
4180D71,12D75
1660D78,3D0
4700D80,5D25
1850D27,9D0
4950D15,9D0
1520D28,11D30
1800D8,9D30
4680D16,8D60
5300D63,7D75
2600D37,9D75
4540D83,2D60
3920D57,1D0
4540D12,10D75
1850D87,5D50
3910D40,5D75
4590D74,9D75
4810D0,8D50
4040D16,3D50
2850D74,12D75
4180D14,2D25
5170D13,2D25
4380D80,6D75
2440D11,8D0
4500D34,10D50
3160D95,10D75
2840D81,6D50
3480D86,5D50
4780D22,2D75
